201517098
201534491
201538048
201628245
201665244
201728678
201733277
201758054
201772311
201786396
201801911
201812807
201813138
201837787
201841384
201852248
201858053
201867981
201868763
201883877
206282476
206299971
206311846
206340919
206352010
206365195
206374222
206379171
206384468
206404315
206407153
206430481
206437204
206442825
206452897
206465353
206470860
206478528
206480383
206498655
206499693
206511726
206518586
206519182
206546700
206560087
206560661
206562303
206562463
206562833
206593417
206593762
206594042
206609353
206618419
206638100
206645610
206660652
206664058
206665065
206672143
206673076
206677609
206684690
206762175
221855850
227082933
227100838
227111797
227206041
227243771
227296884
227374303
227420864
227561733
227705215
227763205
227774837
227794773
227935730
227937384
227956402
227992911
228087249
228148415
228151086
228154162
228167923
229126224
229264778
229342181
229405031
229435299
229460706
229545612
229577297
232848475
232857494
232935388
232938742
232958192
232981969
232997066
233012311
233026663
233081370
233081750
233095612
233119240
233123270
233137325
233188913
233274959
233319489
233373771
233389987
233400048
233491978
233514986
233584014
233596828
233605882
233633813
233659667
233662822
233711984
233726377
233762451
233763686
233792603
233851764
233864804
233889705
233903450
233904540
233907763
233926240
233971104
233997114
234020043
246476585
249676061
249879326
251511821
251654158
251743344
251789836
251862720
251897404
251920270
251982714
251996266
252019441
252049602
252095537
252110034
252173947
252214732
252228007
252241123
252255557
252308116
252310455
252327110
252419510
252438233
254507215
254537972
254554469
254555181
254639039
254642039
254654505
254677500
254707622
254755009
254779958
254815659
254834581
254848863
254863759
254956892
254960297
255022401
255038686
255065639
255068212
255115199
255153202
255172548
255197323
255240575
255302284
255303624
255323314
255335351
255385047
255387578
255396546
255407039
255436277
255439876
255463893
255502187
255515151
255548964
255569786
255570299
255570583
255597450
255628848
255658462
255695975
255712575
255776456
255777133
255791849
255792108
255843327
255882448
255946463
255977416
255981756
255991184
255996044
256019358
256023586
256164244
256251210
256376646
256426710
256466886
256486012
256551498
256592803
256749773
256759546
256881279
256885221
256917336
256973743
256983248
257012746
257129291
257173166
260215861
260302231
260380206
260436460
260775972
260786981
260812262
260818789
260844515
260953387
260961186
261255110
261330353
261464510
261482471
261570260
261620065
261669103
263589269
263592977
263599186
263600766
263608951
263617780
263625005
263639128
263676320
263715903
263773233
263776145
263779285
263781683
263787260
263802408
263810299
263834501
263862041
263870461
263878717
263897650
263899171
263907812
263921892
263956356
263971947
263978122
264017232
264020903
264031167
264041356
264051214
264055221
264068719
264119432
264166982
264167718
264191738
264192982
264251627
264280522
264335742
264341035
264355623
264385441
264417554
264435421
264449873
264450176
264478123
264498754
264514694
264517896
264518156
264519696
264555933
264565747
264579945
264583190
264603515
264615059
265021809
271016245
276754614
276790657
276816100
276852418
276926372
277009269
277050767
277090801
277117216
277133396
277145858
277181378
282575815
282619527
282773474
282912361
282985628
283025733
298929086
298992599
299492861
301975416
303049645
303100156
303456839
303768711
304054391
307418486
308214675
308617938
309088520
310538189
310578638
310635458
310693819
310844698
310866604
311214497
311354442
311441075
311452029
313631626
315716842
316215925
316273958
316318075
316591857
316651534
316671072
318117164
318554578
318738528
318789040
318794688
318822835
318859046
318895410
318915040
318927911
318935308
318942258
318946890
318998626
319019105
319025723
319049630
319076142
319098117
319104485
319118920
319123846
319322862
319996616
320145294
320160368
320251237
321797206
323112578
324265474
324280800
324364549
324391230
324405932
324487274
324587235
324612369
324671543
324721084
324737657
324765187
324777480
324801947
324829053
324849990
324862681
324883558
324950857
324969365
325023182
325054188
325060586
325063236
325070583
325091158
325112355
325132834
325177858
325182265
325195739
325227391
325233519
325251065
325279981
325339268
325385649
325408801
325458652
325484788
325555243
325589519
325595291
325613211
325621182
325765415
325840491
325920601
329315492
338480520
340830247
340863439
345221764
347159553
347208586
347232158
347269832
347293909
347364958
347443521
347496105
347543325
347596583
347703650
347714530
347721237
347781502
347831965
347836547
347872131
347896171
348009538
348183227
348333328
348414892
348526665
356660793
382865506
388714801
388817662
389207104
389242204
389370319
389971698
390076209
403581769
403616935
403878826
404234017
404554339
404859429
413197329
420318306
421863161
443452584
