222794996
222865951
222866561
222873243
222873626
222879836
222880698
222885247
222885370
222892388
222895277
222908449
222913535
222915995
222928988
222932520
222944172
222956203
222960004
222973270
222988304
223036054
223044918
223056892
223076238
223095177
223129780
223132013
223136174
223155689
223156829
223163487
223170833
223177663
223181608
223182241
223187250
223198066
223200948
223235126
223261166
223283085
223286216
223287327
223290025
223303007
223307247
227851332
227943835
227946190
227968432
228098354
228126466
228232529
228266067
228307205
228392783
228403583
228514057
228572490
228633789
228760003
228760057
228796412
228805281
228863779
228869962
228885657
228896045
228924421
228935946
228959578
233674495
233751662
233774922
233802064
233824081
233836014
233893036
233970034
234004920
234015990
234052587
234055170
234059538
234061458
234120971
234153906
234161634
234173078
234179758
234202705
234228388
234231195
234241604
234323049
234324947
234348325
234366825
234372427
234376321
234381968
234413941
234432819
234442016
234448537
234456537
234490487
234493085
234495437
240763067
240824957
240828213
240853485
240853743
240860566
240891115
240901169
240941355
240963458
240982730
241025039
241039137
241066368
241081172
241089073
241098978
241110554
241113450
241120265
241143272
241215370
241283333
241330855
241336262
241356550
241443246
241460679
241461481
241496633
241509686
241551878
241571509
241573307
241582553
241597156
241676726
257165019
257224140
257370354
257406623
257408061
257443675
257454838
257492058
257505085
257543833
257552951
257584292
257591261
257591435
257632030
268432369
273956228
273979276
273997394
274016152
274036182
274046594
274047523
274052537
274067345
274071871
274073558
274074424
274086833
274092928
274107519
274116023
274119215
274123110
274125043
274125813
274127006
274127176
274127911
274132609
274135101
274141869
274141889
274142428
274144363
274148645
274153964
274175349
274183603
274193294
274197043
274198350
274203094
274211169
274227442
274242369
274250932
274252472
274254709
274255894
274260068
274276117
274284833
274284901
274303624
274318269
274333059
274333165
274341815
274348671
274363863
274407601
274414758
274421215
275288111
275377968
275570733
279897293
279923009
279941503
279973023
280002425
280019872
280083122
280088520
280120615
280124501
280140666
280163262
280183805
280189213
280202293
280205554
280209065
280243920
280258666
280268892
280271219
280281919
280313254
287476454
292967961
293007512
293012942
293252391
293268776
293286603
293295072
293430184
293435499
293443433
293448628
298987743
299036604
299130042
299130372
299180875
299209951
299250077
299287627
299327384
299404024
299663867
299766437
299867809
303016896
304839117
304903840
305136432
305158634
311061639
311569977
322550291
327877327
333703474
337828985
337908064
337940611
337953014
337968046
338015438
338061566
338063332
341743070
350052887
355700901
355732923
355735536
355742798
355886151
355932360
355987618
356002318
356022570
356036301
356047778
356051078
356063430
361144572
361148014
361152394
361190671
361190721
361195757
361209147
361225035
361242964
361248982
361253425
361261442
361268115
361299036
361299459
361304018
361313572
361326323
361333449
361339433
361345030
361345135
361345413
361375629
361385886
361391934
361391943
361395880
361398656
361402997
361417231
361436300
361465177
361487645
361534559
361623961
361660371
369206294
391530634
397464637
401358719
401396066
401396399
401408234
401419699
401447337
401456749
401478835
401494477
401495508
401512617
401516059
401533112
401566286
401568481
401569253
401600706
401614072
401633051
426378197
426451203
426852836
518184212
518281611
518304781
518316980
518318249
518343993
518356170
518389295
518425272
518440676
518452342
518474669
518486748
518537305
518574839
518626210
518671875
518674459
518688183
518692005
518725491
518741782
518757797
518766396
518766938
518790902
518796397
541475584
541513860
541518572
541524613
541533885
541550557
541580603
541586503
541597401
541610890
541633512
541637579
541640727
541643672
541648536
541651295
541653317
541667798
541716765
541741887
541746690
541750770
541753763
541775685
541791257
541807408
541821976
541850110
541855338
541862203
541870783
541895148
541897644
541906090
541915438
541923124
541930021
541935288
541943602
541951731
541959189
542004960
542010131
542013322
542018906
542020848
542025012
542039427
542046554
542091239
562164191
593614560
605298481
623138123
636877723
636940807
636997217
637057028
637120369
657291330
677148041
677170930
677173327
677304183
688612260
688650305
688694832
688730589
688798180
688823572
688847294
688847919
705406072
705435336
705443389
705447338
705468500
705471224
705484307
705493413
705513459
717487019
760435619
760701805
760770536
760814915
853875209
853971797
854000112
854041607
878220047
912854788
912987404
913001336
916885856
916900879
916954019
917091366
917099588
917248320
947791960
949170807
949286670
949404792
1047140092
1458640871
