173280224
173980591
179539704
179548403
179710326
179803685
179829086
179864076
179930555
180002146
180032499
180036294
180085316
180166814
180185555
180187026
180232308
180271013
180302101
180315664
180331237
180353975
180378355
180394164
180448748
180473277
180476403
180485386
180503758
180505815
180521939
180563485
196080307
196137969
196187695
196196036
196233938
196241229
196254651
196302453
196327716
196373820
196582550
196646681
196671275
196683714
196692230
196760136
196781457
196781552
196812477
196815987
196833233
196839145
196871707
196876057
196900853
196907868
196912525
196921569
196962801
196978038
196982676
197019545
197055256
197072516
197097515
197105907
197137706
197141547
197142439
197146590
210955438
210994785
211082122
211278706
211705462
211735192
211905922
211931447
211963611
217066658
217073522
217078512
217094069
217103431
217127253
217160342
217174341
217184540
217185046
217188296
217196332
217212631
217213044
217245603
217257433
217270074
217327778
217357798
217385091
217438585
217443397
217482701
217542646
217561576
217585510
217593763
217611934
217616152
217658580
217663774
217663968
217668561
217680953
217711359
217756957
217766586
217772576
217776742
217782353
217783158
217793657
217794775
217870916
217883399
217914750
217928391
217955852
217966488
217983667
217994414
218010035
218019928
218021623
218022002
218029524
218040633
218043193
218044023
218044874
218051142
218066355
218068576
222667656
222677999
222689957
222730641
222916543
222941331
222953704
223230020
223520168
223563016
223644547
223694980
223695120
234173248
234218097
240457886
240476987
240479124
240500416
240519144
240539924
240546722
240557646
240564497
240572324
240573505
240577683
240604503
240612721
240624863
240629079
240631990
240632828
240651154
240660206
240664332
240672341
240675979
240685694
240694905
240696649
240713527
240723582
240728657
240738287
240744461
240752121
240753924
240755917
240758190
240767834
240773707
240777636
240778101
240790011
240791149
240795509
240795577
240811480
240815484
240830028
240842336
240845375
240854605
240865134
240879286
240884915
240905078
240907165
240907840
240912959
241014633
241029481
241056843
248449585
253524661
253554937
253710204
253732764
253763852
253771571
253873120
253921205
253971382
253981242
254021158
254031925
254114697
254203596
254367260
254416981
254432731
254436666
259650790
259692001
259706047
259713587
259749896
259752720
259764138
259783598
259787195
259798525
259835184
259855140
259879236
259904967
259958485
259961372
259964949
259971460
259988453
259990736
260006256
260014906
260022165
260069666
260072580
260110258
260117590
260127189
260146426
260178574
260194221
260200141
260213665
260223564
260224117
260236594
260244944
260257336
260281978
260303248
260311511
260347700
260356783
260397768
260408620
260417880
260432196
260435518
260438323
260451926
260457679
260480147
260506654
260526518
260535116
260542656
260553775
260564691
260583210
260620463
260630370
262500522
262508997
262531631
262542234
262553242
262603902
262611842
262616461
262653600
262660280
262697325
262708498
262713186
262735059
262750434
262759955
262763597
262852185
263028451
274100136
274124553
274140954
274188331
274196692
274216681
274469420
274776079
275067718
277858716
283167629
283231723
283356010
283679236
283868721
283977469
284080237
284084890
286857709
286961363
288661123
289171320
289222841
289295256
289333117
289612838
289682212
290030138
290035096
290082613
294038393
294230382
294826991
303664432
303705947
303712607
303717784
303724492
303755003
303878916
306724687
308863201
308863293
308898310
308901159
309629189
316060399
317135604
317216732
317260354
317261515
317266531
317316378
317412279
317425910
317501720
317506605
317674455
317713089
317829421
317846099
317910810
317928669
318049826
318094643
318202899
318227179
318253366
318364716
318386420
318421593
318449460
318456816
318474687
318487084
318511668
318542648
318553437
322568540
323095019
323162722
323212254
323276419
323281606
323304098
323317050
323336916
323337369
323366459
323373135
323480369
323494248
323499050
323508309
323556315
323581098
323587640
323616652
323631677
323700203
323713928
323740408
323772184
323784000
323805690
323813519
323830536
323832161
323857764
323906104
323953290
323969648
323975839
324041772
324062259
324103677
324144805
324178509
324217075
324219164
324233631
324271406
324296644
324306349
324321351
324340303
324341651
324348917
324408209
324441352
326307034
329407573
329470419
331584528
331670622
331690156
331696704
331698655
331851032
332039014
332218572
332222099
332234507
332333514
332365888
332369147
332410364
334670627
334731458
334803288
334920467
340737552
355713120
356818930
361496432
362639167
368371189
368425970
387896459
387914105
388021992
388206294
388316981
388540874
388837803
399751064
400764707
406099619
406117024
406585341
406714869
407004688
411529073
412037545
412221417
412230294
412452171
412604189
412854269
412860800
412872872
412891211
430170519
