195612872
200054142
200258907
200336894
200359355
206075045
206102022
206106978
206113317
206116468
206117661
206120746
206141462
206150935
206158967
206189246
206199842
206218538
206241997
206248851
206259833
206300849
206301200
206321904
206329287
206385295
206389122
206396442
206408006
206408984
206416338
206446328
206451004
206458823
206472822
206499294
206501184
206516166
206520974
206523251
206560326
206579079
206591005
216694444
222442204
222461749
222471974
222501143
222516562
222525882
222534070
222560049
222574547
222585337
222586612
222592728
222617503
222641211
222654782
222663781
222685522
222722461
222735129
222757372
222785898
222792164
222797558
222815862
222872960
222898733
222932337
222970508
222983830
223005524
223018696
223020245
223041497
223075363
223093353
223095247
223136711
223229656
223236214
223241390
223275969
223466778
228081349
228151352
228182750
228200754
228217254
228288550
228350067
228378692
228386057
228407110
228443790
228489144
228505509
228517301
228550968
228570575
228600673
228601687
228608790
228662721
228695018
228698828
228717963
228748099
228785767
228786005
228790685
228792239
228823231
228876677
228885091
228894120
228912647
228917013
228923172
228931740
234987982
235021256
235036954
235075187
235089477
235098475
235101941
235111643
235121225
235167468
235178839
235192126
235207172
235209544
235241256
235254065
235273049
235273836
235276149
235284916
235305099
235345415
235354716
235376867
235385582
235389198
235392917
235404162
235407550
235424052
235431630
235482904
235489075
235500396
240981526
240988891
241024274
241032367
241040566
241063486
241073558
241087345
241102601
241132830
241140223
241145573
241155199
241155394
241169259
241181799
241232621
241286716
241362206
241370051
241375783
241413675
241420460
241477394
241481803
241483304
241490961
241490967
241492346
241497450
241516422
241517905
241526933
241582160
241582968
241640502
241650464
241654702
241663227
241691745
241724445
241725742
241730818
241732548
241744601
241750688
241759307
241762612
241763058
241763384
241765598
241769813
241770682
241774391
241793994
241795477
241810946
241817348
241840260
241851176
241887915
241897631
241912964
241920591
241920601
241932843
241941841
241961881
241965354
241979011
241993829
242042043
242091056
243668568
246494155
246513167
246528003
246539952
246549213
246568602
246580569
246583843
246598893
246601656
246602209
246615011
246617004
246623571
246674553
246676930
246680156
246683707
246684128
246685778
246695952
246708302
246724833
246734801
246746383
246768239
246776711
246821661
246832930
246838572
246842477
246859451
246871218
246874551
246879981
246888962
246928119
246942280
246951389
246967351
246977137
246984484
246998243
262707278
262747755
262826595
262935089
263306053
264000217
264018932
264118859
264315006
264376149
264397036
264499446
264500219
264510041
264558651
266636554
266661994
266668361
266696617
266715056
271338193
271345871
271457783
271471430
271721257
271809733
271822490
271850629
271902918
272004686
272128977
272184049
272209926
272281121
272282656
272286660
272663487
272692944
272703263
272718838
272725084
272738918
272741911
272767635
272771367
272785598
272817227
272856973
272867552
272869794
272873713
272883850
272900795
272908350
272918068
272918098
272919478
272956456
272959786
272969223
275954729
282358293
282837789
282846256
282972218
283058661
283212848
287123697
287142251
287221092
287250330
287311917
287330003
287344411
287378362
287384900
287390202
287482822
287507968
287523216
287526058
287535632
287541587
287565483
288340566
288363756
288413585
288472343
288526982
288541032
288546366
288547416
288580300
288594276
288603845
288612815
288618936
288651465
288663988
288674158
288691155
288693709
288707360
288730788
288735352
288766092
288768468
288785441
288810332
288831947
288843399
288855853
288949298
288954669
288973929
288990729
288992429
289016280
289016686
289021551
289024741
289038806
289039330
289072627
289103777
289151666
289194166
289211202
289217684
289240250
289243825
289255800
289339570
289345344
290013131
290015775
290067331
294142479
294172639
294930671
294932028
298794154
298887540
298909827
298924379
298944477
298978845
299010498
299017099
299026593
299073562
299102521
299109489
299121586
299123101
299165471
299187901
304649464
304772175
304907718
304952978
305064697
305082640
310916678
316009177
316058515
316061227
316115697
316262142
316270450
316365906
316425619
316739376
316824228
316908793
316962363
317121530
317146044
317306087
317339936
317365364
317411176
317534221
317748874
317773411
318717200
323557881
324913752
329201381
329283332
329737910
335706638
336062981
336076722
336123759
336218463
336249478
340807350
343873942
347823482
349740074
349910505
349997578
350263768
350323814
350500973
350638523
351223252
351363040
352271075
368060760
482739600
505960047
505963859
506057035
506088486
506105441
506278052
506340498
511882663
511949979
511968553
512023466
523470356
534748928
546641054
552751463
