179374691
184550084
184556260
184660516
184719239
184872211
184914059
184922208
184963855
184969226
184989599
185028402
185031469
185074224
185124510
185140113
185181157
185187476
185226921
185237879
185246384
185271224
185278165
185311876
185390348
190573555
190586463
190588336
190605135
190623242
190641063
190657700
190680346
190712159
190713628
190720894
190734318
190771298
190779770
190792890
190842669
190850301
190883545
190883763
190896854
190900747
190956856
191033335
191056380
191058233
191076733
191095736
191138354
191162167
191167510
191189961
191196491
191225766
191235177
191244205
191256491
191310799
191322078
191334395
191337649
191359355
191361478
191398246
191407788
191440421
191442814
191458440
191459169
191459322
191463388
191480465
191485902
191497075
191528309
191566402
196174836
196386715
196457273
196590893
196605861
196642645
196661402
196680013
196746931
197010856
197045018
223354370
223403975
223433928
223469339
223516043
223600282
223704357
223840541
224001321
224185154
224258883
224555570
224663312
224917508
224980200
225110917
225140378
225142743
225196819
225226706
225250052
225250324
225251411
225251588
225323139
225335703
225344464
225348746
225394738
225416245
225416773
225420081
225422906
225423020
225423106
225426333
225426602
225443549
225453427
225475681
225478825
225484807
225485531
225515064
225521429
225527997
225530647
225540308
225553213
225577755
225579544
225581118
225583954
225590645
225593385
225633942
225637723
225638313
225669830
225671632
225709003
225712701
225724165
225736215
225737352
225747358
225759120
225779594
225785988
225788103
225790298
225801000
225824404
225833933
225865481
225875096
225877678
225889735
225897399
225906677
225907841
225933525
225960935
225976581
225991867
229275763
229296259
229362191
229388616
229427149
229539964
229820481
229929676
229958152
230112724
230195772
230302861
230354136
230777537
230882371
231024000
231054297
231063132
231082488
231092275
231336125
231378867
231386378
231431864
231563094
231611451
231664267
231774630
231785594
231786450
231852905
231939955
232143169
232229331
235036926
235299151
235872110
235884597
236144638
242860377
242901281
242904557
242939579
242966755
242971341
242974673
243003249
243011892
243069333
243126021
243162737
243167353
243192589
243217319
243258977
243284802
243293431
243345033
243372727
243378106
243420399
243439029
245033101
254556637
254562405
254564621
254617162
254633491
254819947
254856831
254863278
254908459
254915577
254932298
254953567
254957974
254965092
255007061
255010120
255015717
255041529
255053158
255057599
255063439
255074796
255077529
255082104
255084538
255086396
255091081
255091422
255091759
255104970
255105647
260256222
260303909
260307752
260365673
260386453
260410822
260438299
260446491
260448511
260452721
260463890
260473541
260484600
260491666
260495024
260502227
260505457
260521863
260537697
260549648
260550651
260566539
260573098
260579988
260593135
260596274
260612334
260616864
260624012
260625747
260638295
260646315
260648430
260683869
260692807
260705760
260709031
260733098
260735132
260735750
260736831
260744038
260744043
260758483
260763284
260764038
260771073
260779960
260800256
260807299
260807865
260810371
260812771
260814950
260834418
260838877
260841653
260843962
260844641
260848225
260852919
260858518
260867349
260871495
260874015
260876304
260877772
260879965
260882742
260882960
260883643
260883798
260885844
260899539
260906750
260909529
260934947
260944261
260956401
260961815
260964774
260985831
260986657
260987879
260988615
261008365
261049767
261050524
261060864
261094199
261103807
261117896
261136040
261175071
261191998
261199117
261209448
261215281
261237343
261274363
261287677
277298213
277506754
279299419
279631886
279646176
279689535
288010829
288695769
288823368
295067996
295075013
295144850
295406331
295546994
295621763
300859622
300933469
300972597
304534249
304563153
304895694
308271333
311037845
311606754
311750117
311883646
312232298
312434429
316145424
316162051
316501880
316920570
316923381
317002111
317015277
317038261
317097597
317203659
317309929
317598178
319164357
321912229
321999992
322104324
322252258
322401924
322431194
322431811
323512104
323797355
323936978
328291801
328807756
329031554
329097838
329168122
329455526
329508483
329527269
329601777
329739094
329843981
329891637
329910241
335252654
335277964
335781568
341296018
341597656
341793759
341832717
341879931
342055918
342073017
342088063
342110582
342148257
342178430
342217892
342389640
342402674
347243667
347868730
348692161
350751764
350924355
351202946
355099220
357392308
359472121
362379554
364732936
364985774
366765594
366782190
366883954
366971610
367069610
367164441
367295655
367334857
367347915
367351742
367366872
367384402
367475434
367563046
367690146
367859020
367894850
368092142
368235767
368248482
368510801
368565272
368589175
368637783
368653805
368823680
368847463
368866220
368913045
372990225
376489545
377266048
425196751
431844538
432666500
432878732
