189214484
189357634
189369627
189411074
189490372
189546091
189586017
189756264
189795131
189816013
189844606
189918031
189973217
189980029
190035977
212644540
214018985
214064225
214070023
214072918
214074989
214080280
214100097
214121261
214155853
214158059
214183349
214194495
214200898
214208213
214254713
214262564
214272642
214294053
214301090
214301290
214307940
214313070
214322699
214324807
214350661
214385502
214412994
214415725
214425624
214441145
214450985
214463588
214482324
214482550
214486150
214490162
214503856
214511653
214537445
214539723
214564484
214565090
214613971
214617160
214647992
218424222
218463339
218468102
218580377
218677592
218708550
218746342
218786933
218908169
218936729
218939807
218983018
219032020
219034014
219045664
219115044
219128999
219147540
219155715
219178702
219256043
219270477
219272679
219280454
225598107
225635041
225643062
225666721
225669474
225677322
225690379
225731070
225761068
225767458
225767639
225772446
225783288
225802117
225806067
225818259
225834232
225857503
225894935
225907713
225907883
225909683
225917076
225930891
225946050
225948104
225967778
225970477
225987218
226001433
226027007
226029795
226037672
226047431
226103991
229247522
229297284
241068072
241080848
241085461
241097569
241100192
241111209
241112555
241116107
241126206
241154564
241173741
241189047
241200444
241204019
241218677
241243193
241248135
241256673
241263263
241274424
241288143
241289187
241292198
241294957
241300610
241302711
241304682
241312731
241317707
241322288
241345410
241347189
241349068
241352284
241362356
241371430
241380411
241391361
241398372
241398857
241402393
241410974
241415347
241424036
241452069
241456577
241466048
241475638
241481186
241487161
241495573
241502936
241505400
241507632
241507970
241511577
241526178
241528682
241562689
247308915
247313803
247397178
247402112
247488398
247517572
247519118
247602987
247658903
247718114
247751155
247780451
247799306
247825045
247867562
247895372
247913827
247972408
247981648
248028906
248072289
248129428
260064682
260517377
263973648
263978176
263986804
264068914
264071392
264088792
264094937
264107635
264115247
264143438
264156288
264209223
264256031
264281158
264285687
264327807
264353838
264354287
264380348
264395239
264415738
271186028
271366269
271430701
275937430
281065351
281184075
281245621
281421331
281436737
281522515
281569124
281585485
281597815
281622841
281770967
281791823
281811841
281854305
281872277
281945428
287226113
287266712
287297435
287304037
287371182
287382338
287427362
287428611
287449868
287499362
287520465
287584939
287669979
287760024
287852349
287928401
287951424
287980519
288011444
288042607
288064274
288099302
288134965
288194465
288264701
288337416
288501245
288572920
288643435
288711077
288716907
288774381
288787065
294180523
294433266
294754137
301620838
301747008
301800026
305997731
306061640
306299604
306517575
306577167
306599003
307515671
307537089
307706214
307872199
307901352
307901705
307923591
307976690
310855866
310947439
316252568
316301116
316302162
316306433
316353225
316368920
316371580
316376952
316393772
316421308
316443978
316450095
316457063
316463439
316464118
316464908
316503757
316513620
316550984
316553524
316606637
316625161
316634862
316640927
316650123
316670113
316699655
316702950
316726217
316740534
316742786
316790031
316808151
316837704
316846617
316860929
316895861
316948656
316974422
317014340
317024687
317040808
317050537
317056346
317067096
317088420
317099566
317438419
317455486
317459429
317476213
317587754
317772009
317944237
318076798
324046637
327715646
327907924
327924433
329761817
329893171
330093167
333667029
333720685
333746295
333764406
333769747
333789008
333945435
334003622
334058044
339671745
339700499
341345693
341760498
346965702
352245063
352695473
362443663
362919669
364027597
364245630
364461076
366831564
366984214
367025455
367119850
367254603
367308485
367359956
367396007
367403225
367441468
367445485
367518187
367550536
367653596
367693901
367694495
367719649
367728682
367750309
367799895
367842453
367871290
367907576
368003869
368029404
368087084
368088794
368090348
368098775
368143407
368157360
368164798
368169058
368176709
368234398
369806381
372684109
372726176
372760404
372787741
372794894
372797425
372822071
372850399
372961916
373019506
373057077
373060012
373113209
373157934
373190700
373193567
373201927
373207561
373215544
373264634
373316099
373323236
373337306
373389897
373396897
373493058
373548682
373553122
373580365
373586301
373669450
373696786
373729859
373735250
373764108
373850568
373922423
373949613
374130189
374132382
374191924
374227990
374245230
374298040
379417290
379474991
379782669
379885757
379985773
380022787
382167975
385131394
385217277
385487929
385600741
385628096
385730310
413075185
413582743
414198127
420593993
426080212
436967179
437347818
442856864
448375351
448409420
448757250
448797567
448980912
449036515
449322848
449351308
449439016
449477883
449863754
454642720
455020844
455602177
467456796
