213143784
221807806
222234703
225017233
227594988
227600989
227607920
227616988
227625370
227640199
227644365
227712665
227723631
227728833
227773338
227796423
227800823
227818447
227828665
227845975
227860451
227903842
227905444
227965824
227974639
227997442
228012027
228077231
228090467
228093149
228094602
228125809
228156584
228170111
228180572
228218939
228224716
228245050
228248793
228266977
228286902
228300016
228326525
228327858
228328566
228346565
228373967
228376876
228384355
228404492
228417703
228419962
228435478
228436105
228436943
230828402
230836451
230869688
230886629
230907329
230927906
230930324
230983292
231021248
231028180
231051909
231057905
231059116
231075387
231075873
231082071
231101292
231116813
231125611
231128023
231149755
231156003
231169809
231180450
231180493
231189945
231194256
231213933
231214784
231227471
231230630
231237647
231240484
231242114
231243848
231246049
231249150
231274042
231275527
231282745
231293362
231295166
231297649
231299974
231300652
231303795
231312761
231313466
231322685
231338092
231340977
231344726
231359457
231372338
231374010
231375956
231387978
231389282
231393759
231397845
231409119
231413021
231414284
231418709
231423432
231449382
231469387
233469546
233537577
233547403
233559682
233641347
233658665
233695070
233699723
233716597
233754416
233786284
233797288
233836392
233868218
233872671
233891071
233899946
233941441
233978914
233989189
234000897
234132262
234163837
234168661
234169406
234175292
234179417
234198057
234202163
234206321
234209564
234219684
236495791
236649577
236714351
236728514
236806904
236812950
236846781
236951481
237026950
237103020
252391730
252432969
252479544
252491040
252498553
252538428
252566056
252633188
252637520
252680673
252713360
252738720
252746661
252775959
252795833
252836750
252859777
252875320
252895088
252921809
252943367
252992818
253014506
253049084
253087231
253095086
253189734
253203431
253228304
253231523
253277386
253287724
253307073
253322757
253354878
253401615
253449914
253451748
253475069
253508491
253548018
253550865
253645400
253663955
253734514
253739129
253782571
253805211
253865758
253866772
253882009
253898673
253914019
253940188
253946938
253950330
258093245
258106677
258215916
258245589
258268415
258281917
258299837
258417651
258429974
258517223
258561399
258609290
258644488
258701283
258702448
258790080
258910275
259040617
259043370
259136894
259351100
259354899
259398746
259479596
259526518
271733924
271944195
271944824
272022914
283763287
283779660
283788728
283817831
283824184
283829208
283831926
283837288
283860575
283862864
283863601
283864669
283874829
283893776
283908973
283921956
283922784
283926346
283931202
283933851
283953046
283955260
283957734
283965226
283974418
283980450
283993938
283998708
284001863
284006066
284017038
284030383
284034423
284040374
284044129
284044561
284045615
284069583
284069620
284102121
284104000
284110950
284117515
284120001
284126687
284130745
284130860
284131056
284134900
284138388
284138513
284143191
284145581
284147700
284148534
284152326
284156596
284159591
284170169
284172295
284173530
284175206
284185026
284186347
284193438
284208469
284215596
284240720
289313137
289388227
289406929
289429212
289450813
289476991
289493370
289521591
289549434
289570468
289581621
289610274
289618352
289628159
289637681
294963028
295027120
295117378
295294316
295388354
295521167
295641321
295656451
295661071
295694404
300735862
312797736
315164534
315624843
315630537
315643726
315659581
315683915
315701102
315716330
319066553
320987967
321156104
321416305
321452753
321525954
322348903
323088776
323631455
327289043
327505648
330026529
330387919
340388756
340501681
341207694
345094804
351943856
351999561
352175492
352396725
352600450
352998162
353013311
353217195
353273045
353345904
353388745
356920709
358180663
358734201
359028004
370671241
376542583
376548230
376589113
376600459
376648271
376651998
376678147
376687520
376715156
376730983
376780873
376804894
376838904
376850916
401194898
402627705
402655335
402677883
402693904
402755601
402772332
402836665
402843706
402929252
402941371
402956688
403010192
403017654
403017966
403036912
403057546
403088433
403112689
403127964
403171905
403181309
403214591
403257789
403264966
403282024
403308429
403374517
403408900
403432316
403453511
403494893
403520291
403531623
403537881
403545932
403572473
408570160
408624394
408748642
408791040
408874184
408950232
408968951
408994616
409006264
409043080
409115708
409198257
409215436
409239267
409363673
409387975
409413368
409413869
409419290
409425254
409509768
409511020
409520377
414386685
414458605
414489170
414517993
414546120
414546453
414606270
414623548
414687577
414737841
414771481
414800078
414802400
414870884
414901387
414948146
415005854
425593540
425718799
426074773
426314679
426380978
437430638
437710779
437839376
438081657
438164687
467663197
467873464
467945643
474534264
480235952
480294152
480344186
481074845
486258566
486328211
486654398
492167950
498708402
503898475
