176911772
182442476
182446212
182461110
182466966
182478541
182491739
182494209
182496826
182503620
182512346
182526099
182538574
182552863
182560245
182561262
182582069
182607264
182678504
182733757
182755364
182771215
182790115
182802753
182804863
182822681
182826669
182831534
182834740
182842883
182855128
182862271
182863404
182879934
182881901
182889295
182902251
182909531
182922724
182922846
182937973
182939140
182940216
182943474
182946615
182947574
182960691
182962820
188241433
188297379
188322744
188514049
188515431
188610126
188643578
188646494
188747063
202133578
202142942
202207363
202209460
202223935
202235235
202281931
202292899
202331999
202365588
202472818
202480967
202562103
202603753
202604835
205677795
205690046
205721501
205729743
205741643
205749893
205750170
205752169
205756535
205769480
205776477
205794923
205800841
205806831
205815891
205817578
205854996
205931147
205942450
205962025
205986693
205989528
206007255
206019871
206028863
206044840
206070414
206098812
206122553
206204621
206207793
206210958
206227545
206245026
206255180
206274803
206278071
206284827
206285918
206288089
206288161
206295044
206308148
206370530
211230484
211292127
211346925
211391938
211398003
211456029
211460364
211476863
211478337
211480105
211582432
211624410
211657860
211701651
211712838
211755975
211778348
211779102
211795124
211814247
211821391
211838167
211878502
211888647
211952894
211954814
228584360
228676933
228753452
228860915
228959757
229128770
229131387
229179553
229187204
237386249
237509137
237568529
237597686
237731915
247223905
247372014
247458342
247734206
247953495
248082655
248230765
248265044
248851683
248854698
249034829
249121005
249289797
249424966
253054241
253068725
253103230
253149430
253180795
253307141
253367059
253437896
253447060
253511939
253584573
253814581
253904899
253905529
253907493
253928349
253944137
253988937
254139440
254146243
254226505
254245875
254284530
254321806
254345973
254355231
254363418
254373917
254453812
254482136
254641381
254660948
254779549
254818976
254867911
254870691
254876687
254930033
254935448
254987713
255069972
255111395
255120888
255140301
255151478
255183770
255209412
255210641
255254374
258009783
258096118
258108718
258169130
259331128
259358798
259372555
259375531
259408303
259435630
259472010
259508512
259530940
259537028
259595226
259598291
259609001
259627809
259629177
259634195
259640165
259658122
259664567
259682891
259688314
259689788
259720669
259739018
259742963
259759232
259763566
259765296
259769882
259779320
259806681
259817626
259823197
259825653
259834975
259835490
259836837
259837597
259840522
259846986
259857238
265265480
265365488
265490410
265567377
265575457
265610441
272505859
272532560
272581806
272753487
272825429
272846088
275624322
275658628
275672985
275741697
275883675
275927389
275978766
276308202
276487802
276559225
276665138
276676297
276686846
276847404
276848398
276868535
277016494
277037496
277110205
277137991
277370812
277642017
277650321
277652478
277680086
277707207
278562583
283813579
283866744
283970653
284696412
284893765
284899198
289744393
289816591
289916267
290226407
290292698
290306565
290338762
290365776
295703517
295850656
296243464
296527657
299758941
299764765
299773445
299783564
299789013
299796839
299803868
299808131
299815176
299816876
299838377
299847517
299877507
299895367
299898015
299939200
299945889
299966128
299966156
299972416
300017095
300037023
300066055
300083463
300089800
300123268
306545803
306552697
306567945
306651589
306662848
306689877
306708634
306870756
312189744
319101410
325547328
328406051
328462663
328475849
328498541
328499536
328501843
328504408
328515276
328516213
328533786
328551512
328554052
328555394
328567948
328598902
328607294
328609177
328617180
328619968
328623968
328651207
328651533
328657287
328658094
328661750
328669367
328675841
328705908
328711299
328715639
328718405
328728962
328746561
328754957
328757121
328759534
328773720
328802527
328804592
328815065
328815776
328818361
328823573
328823816
328833948
330283167
334351981
334358163
334389086
334395689
334404289
334405851
334426413
334458679
334467896
334529577
334555234
334577571
334611457
334643738
334677015
334689892
335020345
335247439
335266812
335373508
335553246
336095716
337184781
337313198
340845746
340903902
341192843
341338738
341389365
342716110
342817990
342870462
347664520
347694993
347854148
347866547
347956785
347967710
347983931
348062577
353716658
354882495
356975562
356997261
357040006
357045000
357071084
357093567
357097827
357120345
357121658
357148358
357148492
357160465
357204395
357211306
357223571
357229982
357233313
357241578
357245351
357251382
357273687
357286647
357330251
357363827
360095648
360114285
360250362
360358086
360523644
360744979
366459243
371253181
377871493
389719448
389787242
395650787
406861852
406872953
406890392
406969478
407050937
407505371
407637862
412851724
418622323
418682124
418690334
418717056
418719953
418878442
418919302
430215590
436338564
448209371
