214637312
225634539
225665953
226033753
226059256
226159105
241957309
241969654
241972086
242013931
242039135
242062721
242077157
242121566
242121923
242144719
242178695
242195358
242223173
242284730
242299655
242301964
242308140
242409462
242431411
242524071
242543130
242568910
242636851
242644016
242651179
242651374
249146901
251466200
251807566
252739635
255124486
255447164
256001052
256042818
256201293
256300315
256713109
256872002
257120447
257382412
257442242
257654826
257838123
258241065
258383853
258425461
258649785
258925892
259310906
259448803
259475285
259509282
261364713
261979422
262215047
263005796
263056630
263330209
263509243
263551491
263559319
263584503
263776588
263823042
263941355
264035904
264056312
264245018
265023672
265059353
265135924
265421483
265480126
265545248
265646627
265685803
265767869
265822315
265874822
265892750
265923075
265928334
265929201
265943236
266112550
266255271
266275252
266319317
266323131
266329784
266365094
266621109
266644116
266722666
266767776
266800328
266915823
266986321
267008251
267011919
267063309
267104320
267197353
267262463
267269607
267327633
267334654
267346614
267433942
267465520
267493519
267534629
267543991
267783009
267844265
267870775
267910973
267946143
267993695
268174855
268408745
269392902
270316551
270411621
270475881
270708510
270755065
270798388
270808607
270811079
270837293
270864162
270914125
270917630
270919232
270943190
270960269
270965235
270968388
270978859
270987845
271002679
271011065
271011358
271015344
271018571
271027860
271041052
271054151
271054902
271058313
271068553
271071007
271128907
271138061
271174634
271175046
271175756
271184041
271200098
271231898
271245639
271260614
271311689
271311735
271323829
271326616
271377324
271385215
271475284
271483151
271488631
271494358
271508549
271687926
271860919
272060735
272134131
272209354
272315895
272320570
272421438
272445520
272468850
272513281
295719881
296423912
296529011
296715114
296906824
297916001
298212225
299774532
300449598
300584558
300641473
300673787
300794485
300852252
301091240
301738588
304070506
304083253
304113017
307414713
307787826
308323079
312953451
313246637
315007706
315120703
315283311
315462494
315678396
315708042
315726950
315846721
315942894
315960173
316010189
316087423
316236881
316359042
316586710
316663664
316772969
318527704
322515738
323028091
323422350
323426343
323450541
323499544
324082873
324172453
324373597
324423974
324463337
324710840
324773432
324933091
324938906
325031717
325200877
327483495
328194989
329260490
330197342
330252334
330278089
330294680
330297578
330310313
330332930
330385170
330402339
330428911
330442374
330555922
330658718
330680479
336145425
338621944
344685623
344895815
345203568
345278826
345392559
345430094
346212067
346239061
346261325
346308543
346317486
346339060
346770701
347777932
351018314
351353197
351538086
351603971
352431905
352766153
353641063
356370032
356698141
356934658
357052873
357920454
357987040
357998772
358247802
358302330
362192275
362633096
362934985
363394809
363699846
363830325
363944848
365351280
370328671
374227955
387045678
393261433
397625738
407642281
407681375
421449116
461258065
476852259
517139118
540344050
544891011
608149753
647212519
739635213
739691141
739969034
739988512
740050056
740239944
740271968
740293807
740317090
740353771
740462029
740512888
740558154
740606357
740777886
741895354
743046194
743754300
743873175
744135080
744159167
744276453
744382495
744678108
745056395
745273387
745974151
746053149
746072757
746107343
746147883
746228134
746242400
746257593
746273843
746282908
746286536
746300861
746312474
746326858
746336120
746403215
746417154
746441228
746446580
746449390
746460084
746468558
746482226
746502185
746544510
746650091
746713472
746726420
746779043
746920269
747059890
747061889
747080881
747085111
747088533
747106246
747198663
747204344
747236200
747240012
747285849
747306652
747313894
747315202
747319282
747366559
747476002
747499117
747531808
747546215
747666480
747965257
747987742
748099543
748111312
753526064
753811777
753822281
877060208
975358455
992595295
1038480104
1101079647
1101391324
1153805638
1168875991
1168945465
1226500566
1278285612
1386860612
1409935694
1515769655
1515802990
1515820248
1515868934
1515883791
1515893921
1515895808
1515912178
1515937871
1515954109
1515967958
1515970083
1515971163
1515982131
1515984579
1516002203
1516025554
1516031996
1516081222
1516083624
1516094028
1516149255
1516162005
1516179859
1516216029
1516357687
1516415924
1519712583
1519713968
1519722414
1519723393
1519733163
1519745056
1519761632
1519783529
1519786949
1519793996
1519825068
1519845772
1519926681
1519938202
1519959433
1519966604
1519983348
1520044476
1520085885
1520087842
1520106986
1520122388
1520177154
1547793439
1547810509
1547844790
1547849036
1547870317
1547929358
1547998054
1548054922
1578588126
1578769044
1578915536
1583901094
1589565809
1589782612
1589784404
1589812220
1607904201
1608935920
1610834595
1612644318
1612654045
1612738132
1614746590
1615578499
1615812002
1637215454
1640713617
1641213226
1642829988
1711303358
1726017273
