161493051
179971910
180028682
180094417
180131205
180195102
180314570
180326137
180346292
180357928
180430906
180561420
180607061
180628801
180654611
180682490
180738748
180751625
180806400
180906931
180924814
180980164
180980880
181021435
181041379
181077458
181262296
181289785
181327591
181482343
181491981
181502049
181518459
181519488
181549622
181583481
181594719
181597155
181603868
181606941
181613672
181651762
181785825
203729240
204111779
218099088
218148686
218191461
218199745
218235901
218249937
218386391
218421261
218465142
218515994
218586227
218719007
218736717
218860670
219082577
219117744
219142963
219181325
219201234
219257092
219317212
219367234
219439096
219510593
219526803
219538347
219606181
219630642
219659015
219679184
219694425
219760086
219804917
219864147
219901766
219904531
219906170
219920426
219920814
219928755
219956379
219956483
224021400
224024359
224045962
224068650
224327335
224346218
224461277
224466179
224531950
224579999
224593009
224606194
224658606
224664385
224707057
224784568
224840182
224898897
224985979
225059326
225113743
225210582
225235538
225248531
225270887
225275971
225355991
225438888
225444644
225539970
225561664
225610588
225628068
225646420
225695648
225726336
225750716
225816152
225825573
225828092
242480553
242945758
247449496
247562624
247640731
247657733
247666956
247718293
247752602
247783607
247794810
247849763
247864705
247864845
247875880
247908810
247930804
247967302
247971264
248009051
248029225
248121861
248146469
248180673
248210181
248216533
248236140
248261719
248325399
248334683
248344747
248345279
248348816
248353361
248398712
248398900
248458066
248462294
248475229
248492175
248493267
248541228
248545475
248551127
248564010
248629135
248686475
248707233
248724746
248743515
248750213
248760975
248779002
248823258
248825026
248829098
248842584
248848916
248849569
248853745
248857791
248866732
248891020
248907786
248942696
248989456
249052849
249083556
249187922
249238654
249265220
249469518
253224986
253251024
253288626
253308756
253334393
253374511
253489731
253566780
253597499
253618135
253652381
253702829
253709344
253713551
253746505
253786701
253802946
253834960
253851115
253943653
253945380
254148994
254190941
254224401
254251138
254338249
254356918
254367876
254581137
254594889
254617029
254621615
256535561
262071167
262076643
262078984
262100650
262109886
262128098
262130609
262138699
262149762
262182385
262189021
262224342
262250464
262257876
262269961
262280201
262322661
262337244
262384850
262397590
262409906
262413272
262445489
262530833
262553499
262555110
262556907
262583623
262589868
262592786
262606153
262625230
262638919
262655706
262673673
262685735
262712844
262715256
262727463
262728813
262735419
262737640
262737660
262746459
262747246
262770675
262772116
262814315
266235337
266321453
266334490
266748646
270711896
270880860
270940939
271003113
271018836
271038517
271094107
271330263
271365954
271628326
271638134
271680914
271690505
271813342
271834661
271909880
271949480
272014546
272053223
272157069
272164695
272175443
272199776
272230541
272276872
272308934
272313806
272334062
272341486
272353078
273191080
274614872
276590971
276614985
276650488
276681175
276716630
276803085
276806267
276828205
276895069
276903309
276924281
276959712
277029840
277147122
277160905
277222240
277247380
277370381
277384684
277390498
277412875
277418942
277428587
277446897
277549944
277555244
277661396
277686264
277728553
277764681
277849332
277856351
277953350
277978519
278094390
278104109
278140773
278151676
278169977
278190092
278237500
278251388
282265261
282433073
282697001
282997949
283112005
283152854
283166171
283230485
283236207
283260751
283324586
283327805
283377856
283454531
283546615
283654066
283687241
283716540
283730178
283793856
283797155
283899497
283951593
284008094
284062360
284163283
290883420
294530407
294546746
294599021
294657444
294666345
294666700
294699038
294703938
294704882
294705434
294707059
294718191
294734953
294757546
294773576
294800189
294802606
294803706
294804991
294814610
294820073
294842012
294910678
294945449
294957716
294970692
294982999
295003669
295004112
295133569
295220766
295252819
296809578
296846426
296875735
297161256
307894409
308006304
308132484
308211412
308288307
308814194
309068294
309411032
309509828
318519920
322978047
322997130
323027020
323576498
323710537
323833150
323857871
323969567
324060153
324112428
324330771
324387425
324637791
324703648
324873265
324954533
329495655
330181693
334980000
335198482
335913446
335933834
336263170
336417563
336438434
337006680
341188909
342320349
342342952
342689074
342763289
342818601
342826853
342840015
348335453
352784090
354214771
354317046
359995465
360114284
360652913
364564056
364594714
369765277
369772377
369789736
369796275
369806464
370027989
370029521
370143163
370306419
370792608
370939516
371103340
371154149
372221306
375832647
375879046
376445734
376776672
392593609
421435540
428351681
660036399
660195583
661133017
737288836
743090973
