209472739
209830283
215633082
215634584
215636985
215655921
215669786
215682252
215685207
215694938
215699906
215703609
215705469
215708564
215716375
215717743
215723635
215739108
215743197
215759264
215780415
215785242
215806689
215808838
215811304
215823492
215835041
215838828
215842555
215867787
215910682
215940913
215945640
215952903
215968516
215972552
215977175
216008723
216009545
216017316
216062103
216075976
216081551
216091715
216095950
216095983
216108397
216109155
216109221
216111248
216138064
216150947
221398669
221400630
221407894
221422946
221449169
221464462
221466019
221473494
221493740
221498621
221501565
221514168
221531961
221564542
221564728
221642693
221647002
221744373
221753875
221754724
221805919
221806615
221812535
221858691
221861507
221889780
221891772
237113299
237138445
237236690
237253013
237275652
237305962
237355565
237431093
237455056
237484366
237660304
237665965
237737871
237756189
237810439
237901711
237938808
237945761
238017266
238028902
238042474
238143788
238180452
238182124
238188208
238272640
238337461
238357554
238424547
238427804
238429979
238432077
238470335
238472207
240204511
240438389
243133134
243343681
243537932
244191990
244256272
244299163
244843692
244910711
244910868
244924880
244935124
244946848
244965724
245000705
245075937
245102010
245185399
245325071
245329362
245343058
245348756
245363948
245378659
245473804
245476746
245480391
245517380
245525772
245557132
245572058
245593667
245612575
245635041
245666821
245695456
245705674
245714025
245719104
245736816
245793698
245848846
245910093
245921199
245923761
245954934
246036837
246082511
246095512
246104726
246193003
246203679
246208376
246211859
246222552
246224322
246292073
246307954
246310246
246348569
246360548
250667189
250672864
250705105
250761558
250824718
250855419
250875274
250901723
250929360
250969881
251059014
251068766
251111555
251124731
251145834
251161696
251351851
251422788
251683492
251736084
251807586
251919290
251963872
252009265
252022902
252035285
252054654
252070030
252123632
260525482
260539319
260545221
260560151
260574641
260595667
260688977
260703854
260744706
260761548
260798027
260826877
260842039
260848893
260937726
260956258
261001552
261010060
261036546
261041455
261070955
261151676
261160922
261251871
261266639
261267997
261344142
261405208
261432058
261461679
261472082
261478628
261479418
261488069
261548332
261605381
261661680
261665852
261696110
261726315
261744858
261846875
261928562
261930186
261937140
261958844
261977258
262027537
262038154
262040141
263958850
264017968
264042932
264142945
264159785
264160234
264237684
264337997
264365991
264451744
264522896
264527052
264744256
264751145
264758809
264896338
265058242
265092687
265144297
265197918
265238297
265266477
265300236
265311837
265336291
265347665
265389817
265392717
266549529
266621927
266643306
266767873
266939848
266989296
267027949
267046344
267204079
267210614
267321254
267399087
267416572
267439960
267512357
267665558
267702563
267802965
267813391
267882833
267894816
267896336
267945943
267955345
267969012
268004577
268013326
268019120
268050794
268104830
268110861
272405068
272412307
272592715
272636655
272678963
272746842
289503512
295512724
295755434
296418262
296809514
306638863
306722111
306956195
306984067
307134160
307159860
307272207
307519531
307592186
307718767
307902559
307947521
307963863
307968763
312873777
312880609
312945330
312957304
313018046
313036452
313139146
313155306
313310579
318786822
318792305
318816094
324790215
324881092
325345646
325380839
337765444
338377583
342666453
342668682
343009894
343016275
343160745
343442429
343481665
343663903
343720165
349759791
350101693
350167755
350291398
350473340
350496740
350511810
350788747
350883285
350969579
351189012
351206065
351281706
351376250
351640358
351686506
351819521
352069100
352327604
352436176
352464117
352497867
352514114
353813947
357202830
357927458
358258103
358292679
358714761
360274845
367326446
384331984
385768860
387183035
388853641
415139546
415191436
415259718
415355234
415394580
415505912
415535215
415600204
415649194
415786216
415812226
415873334
415945524
415966875
415974588
416104803
416129779
416179478
416181858
416215943
416235662
416379278
416491030
416529674
416592453
416640250
416718620
416730971
416817066
416861607
416865397
416869843
416911144
416915443
416936504
416977711
417011332
420934347
421071370
421183248
421516247
432451983
432482389
432517542
432656757
432700373
432738932
432757129
432840153
432846822
432871438
432898092
433002412
433076565
433215882
433228007
433264960
433426789
433539508
433551551
433606370
433634081
433654000
433662107
433705041
433717933
433737470
433814059
433844839
433883806
433926246
433985883
434054815
434081312
434105061
434115972
434208980
453028911
453191027
453816274
454515506
458824278
459733881
495017670
495126900
496433676
502165684
506666172
506670706
506768853
507699567
518390431
518395833
518492517
518620689
518867720
518952001
518982940
542978943
574308622
