202652980
213150479
213182353
213207237
213272543
213273707
213304179
213383562
213385577
213520155
213576488
213650689
213679339
213747298
213965823
213996506
214041791
214148098
214152684
214203112
214277206
214288547
214304818
214351313
214380469
214404154
214425134
214509330
214517178
214555087
214604463
214682965
214701792
214705362
214728073
214735168
214750138
214765199
214801703
219384806
219388814
219467227
219482402
219530973
219557113
219563289
219584532
219652430
219681635
219692089
219708419
219724957
219775022
219863823
219887759
219940478
220047570
220075539
220150328
220173435
220207950
220262741
220301496
220443417
220487570
220585103
220585946
220664636
220707338
220777293
220780192
220805424
220816133
220828388
220864961
220870875
220876522
220900111
220938926
225319482
225386689
226095069
226474721
233098534
233143159
233145799
233146994
233151579
233152958
233155620
233169973
233171460
233177054
233197247
233198701
233229618
233251268
233277040
233330876
233365425
233378626
233407876
233421471
233433447
233449764
233450040
233454840
233470376
233475381
233479367
233488530
233506833
233513477
233514237
233519427
233558386
233847265
251360687
251369055
251450013
251490579
251493753
251534816
251541636
251560343
251576705
251584414
251623122
251636250
251648747
251657843
251670901
251681318
251737077
251740323
251763427
251783668
251798049
251834215
251855440
251856074
251856533
251867002
251905137
251920855
251951426
251957743
251993032
252012181
252053256
252070036
252107192
252129660
252131966
252160877
252163365
252183116
252193343
252201258
252222250
252244010
252254934
252265328
252269062
252275608
252318101
257169089
257190387
257366281
257439701
257612263
257825835
258087457
258260056
258299341
258468664
258487950
258544072
258763943
259069494
259123644
259229578
259236595
259322294
259351722
259354169
259387369
259439008
259464945
259483665
259577411
259583430
259587545
259596978
259700422
259705417
259877689
267223089
267258966
267972801
268058015
268115352
268230830
268249158
268306397
268439553
268472776
268597688
273794182
273872256
273877120
273895731
273906607
273914658
273951173
273951990
273952175
273963449
273970831
273994435
273994986
274048616
274098820
274100122
274128298
274139518
274148985
274173638
274198906
274210228
274234489
274251895
274267256
274271868
274309368
285335303
285358464
285449412
285523327
285574350
285633700
285651958
285659454
285698704
285762188
285849188
285884635
285887117
285988305
286002026
286007258
286092584
286096618
286128797
286163995
286186980
286213139
286237709
286240271
287258297
287594419
288611303
292995040
300266521
300273566
300300371
300387693
300489698
300568125
300604327
300650313
300681254
300714165
300817722
300883734
301054191
301158505
301194584
301230827
301234908
301353098
301367608
301434540
301475655
301581204
301585379
301678242
301716536
301759318
301975209
304420276
304901033
305016310
305050789
305240961
305547942
305623290
305684052
305860172
305938999
309208635
309403887
309670529
309962740
310013181
310141229
310194302
310251827
310357922
310399797
310566222
310807525
314995053
315167214
315457802
315667898
316169075
316293237
316436426
317544108
317699620
317788637
320906243
320911590
320958396
320998706
321005103
321010420
321038444
321089271
321117264
321124519
321198523
321223198
321227831
321244813
321260224
321280667
321283305
321324780
321326206
321334463
321342310
321355876
324700229
326848538
326885542
332661923
333026473
333110051
340082029
340108651
340112855
340130454
341158642
341598995
341632274
344509837
344528089
344572256
344826022
344893026
344903515
350793469
355258053
355273975
355343485
355685271
355866281
355911160
357172011
357322221
357583996
357829017
357907793
358013737
359101457
361071173
361119792
361173313
361525842
361656139
361906299
361916726
362347730
363642846
368677876
368705592
368804250
369075288
369246131
374685041
375815131
376849216
378729082
384353584
395366886
396455489
397216600
398393178
672808020
700372521
700378272
700866334
700898345
700912256
1229920780
1229926768
1230887782
1230893478
1230899341
1230911855
1230930079
1230944334
1230944937
1230951704
1230985205
1231014608
1231018201
1231018570
1231021877
1231036329
1231071818
1231109961
1231122525
1231148852
1231164022
1231268641
1231280865
1231298152
1231300881
1231307583
1231311855
1231336102
1231337918
1231343369
1231352215
1231365253
1231384005
1231385647
1231386636
1231388504
1231404728
1231411189
1231411956
1231413224
1231425666
1231429288
1231440010
1231446408
1231448523
1231450177
1231451069
1231452574
1231476410
1231492363
1231503081
1231519462
1242601203
1242616570
1243587417
1243590227
1243619384
1243646869
1243685427
1243702955
1243728268
1243752080
1243788067
1243792848
1243842633
1243963494
1244006078
1244015109
1244021397
1244048366
1244081469
1244093830
1244117366
1244125615
1244131135
1244138384
1244140848
1244146599
1244154702
1450429603
1450444920
1450454195
1450700247
1450957302
1451879223
1452711495
1452984645
1454030756
1454402093
1454613476
1456871687
1459306092
1463736143
1518861873
